             1   1.0000    1.0000
              0.9062    1.0000 1
             0.8125    1.0000 1
            0.7188    1.0000 1
            0.6250    1.0000 1
             0.5312    1.0000 1
             0.4375    1.0000 1
            0.3875    1.0000 1
             0.3038    1.0000 1
             0.2000    1.0000 1
             0.1062    1.0000 1
             0.0625    1.0000 1
         0    1.0000    1.0000
          0    0.9062    1.0000
          0    0.8125    1.0000
         0    0.7725    1.0000
         0    0.7188    1.0000
         0    0.6788    1.0000
         0    0.6250    1.0000
         0    0.5750    1.0000
         0    0.5312    1.0000
        0    0.4812    1.0000
         0    0.4375    1.0000
          0    0.3875    1.0000
        0    0.3438    1.0000
        0    0.3038    1.0000
         0    0.2500    1.0000
         0    0.2000    1.0000
         0    0.1562    1.0000
         0    0.1062    1.0000
         0    0.0625    1.0000
   0.5000         0         0
    0.5417         0         0
    0.5833         0         0
    0.6250         0         0
    0.6667         0         0
    0.7083         0         0
    0.7500         0         0
    0.7917         0         0
    0.8333         0         0
    0.8750         0         0
    0.9167         0         0
    0.9583         0   	     0
    1.0            0         0
